0
1
0
1
0
0
0
0
0
0
0
0
1
0
0
1
0
0
0
0
0
0
0
0
0
1
0
0
0
0
0
0
-1
0
0
-1
0
2
3
3
6
6
7
19
92
133
-98
-80
92
-37
-158
3
101
-170
-149
137
43
-210
-49
155
-65
-73
90
34
-126
-18
132
-62
-91
55
-2
-2
56
18
3
71
151
30
0
121
-9
-57
74
30
-107
-26
71
-81
-70
67
30
-40
49
91
8
72
56
11
92
24
-8
22
43
-19
-36
13
-21
-47
-15
-15
-37
-17
-21
-29
33
-1
-59
65
30
-62
24
43
-14
-15
30
34
-59
42
-10
-39
8
-13
-44
-15
-5
-52
-23
-12
-20
-51
-6
-8
-36
-30
11
-27
-56
37
-54
-16
15
-36
-54
45
-2
-78
16
30
-50
-15
23
-25
-9
-11
-39
52
-15
-75
68
-7
-22
8
0
3
15
-17
-49
77
-42
-33
38
31
-79
28
54
-32
7
10
0
48
-10
-57
86
-6
-84
110
-2
-94
114
-1
-54
74
-13
6
13
10
23
48
-78
80
1
-53
46
21
-57
52
31
-46
43
33
-26
37
82
-90
39
58
-21
-18
68
-18
17
-18
-21
86
-11
-29
7
61
-39
-22
86
-58
12
-24
47
12
37
-94
67
78
-82
78
15
-17
28
13
-5
79
-46
-26
61
5
-31
4
14
-23
-29
2
56
-38
-99
53
-10
-10
-48
-6
47
-87
-12
71
-55
-32
-13
23
25
-76
17
42
-71
-3
21
4
-25
-7
-16
63
-46
-13
49
-48
-2
-3
-9
34
-49
-37
64
-15
-57
57
-80
-18
75
-82
-24
109
-152
28
69
-56
10
-19
8
5
15
-23
12
3
-39
33
29
-36
-13
-27
19
36
-6
-41
2
38
-24
18
0
-48
29
-6
8
36
-86
-5
76
-13
-52
26
17
-2
-58
62
63
-89
-21
64
8
-48
9
20
29
-77
23
73
-40
-33
15
16
-25
-19
46
15
-92
61
34
17
-9
-25
23
55
-28
-18
85
-59
-38
102
-5
-63
21
6
1
22
-5
-17
4
16
-10
49
-8
-71
48
11
-17
15
-3
-53
2
69
4
-55
-10
14
30
9
-7
-8
-1
-7
31
60
-43
-51
43
45
-2
-49
27
22
-21
-22
52
-10
-32
-24
28
66
-69
-33
42
11
-12
19
-9
12
17
-22
17
36
-18
-28
16
21
-14
-38
19
5
1
-19
-27
32
23
-44
-16
58
-25
-29
15
32
-6
-34
5
25
-22
-13
-3
8
-10
-13
-3
8
-1
-44
11
44
-63
-5
21
-11
-6
-15
-41
28
16
-39
-18
12
-38
7
1
4
-6
-32
13
39
-12
-33
-6
18
16
-24
-19
47
-5
-73
30
63
-34
-31
15
3
4
1
-11
20
-17
-44
51
27
-40
-10
12
7
18
-8
-20
31
9
-11
38
20
-38
-8
41
21
-20
-29
19
7
-28
20
16
-33
-10
11
30
21
-20
9
42
0
8
35
13
5
11
7
18
8
-15
3
6
-14
-6
11
0
23
0
-7
15
9
-12
22
30
-20
-12
23
8
1
-4
-2
14
-2
-7
34
-5
-34
-3
43
-10
-7
-22
0
19
-7
-2
6
-20
-20
19
6
-15
-27
-34
11
28
-19
-22
31
-15
7
43
1
-16
-19
-3
31
20
-50
-31
9
-5
-4
-24
-30
-21
-14
-20
-10
-25
-39
-30
2
15
-15
-16
0
11
13
6
11
19
8
-5
10
31
10
2
6
10
9
-8
8
-5
-18
-14
-21
5
-12
-19
-18
6
6
-3
-9
1
1
21
8
0
11
-2
-7
6
23
-2
-6
-4
2
15
-5
-7
4
-10
-1
10
-6
-18
-1
4
3
2
-13
2
7
8
12
2
-13
-3
18
32
20
0
-5
18
33
10
5
-4
-8
-8
10
15
-25
-38
3
16
-9
-4
-8
-5
5
13
15
19
-9
-10
29
35
5
-17
-7
14
12
-1
-8
-12
-16
0
17
1
-31
-19
13
-1
-15
-17
-17
-13
2
7
7
-13
-14
15
16
5
1
-13
-12
13
16
4
-6
-2
7
11
20
-1
-7
5
0
14
17
-8
-4
4
1
8
9
-22
-6
2
0
1
-14
-30
-10
-8
-13
-4
-33
-35
0
10
-13
-17
-21
-4
12
7
2
-2
-11
10
37
16
-3
0
-2
6
18
-1
-17
-9
-11
3
8
2
-8
4
19
22
22
8
4
29
21
17
20
-8
-1
26
3
-6
16
-8
-27
15
10
-7
-7
-13
0
13
2
-3
13
4
-10
12
16
6
-1
-7
15
17
-8
-10
7
9
-8
-12
-16
-9
-7
-29
-20
-3
-15
-20
-7
-1
-9
-11
-6
2
0
-17
-8
3
-8
-18
-12
4
0
-18
-15
-2
-2
-8
-10
2
-2
-7
3
17
12
8
15
23
28
26
28
29
19
16
30
31
22
16
5
3
17
11
8
-1
-9
3
10
11
-1
-4
0
2
9
5
-6
-6
-8
0
1
-13
-25
-25
-20
-16
-19
-30
-39
-37
-23
-17
-27
-33
-28
-25
-15
-12
-16
-23
-24
-21
-15
-21
-33
-29
-30
-32
-32
-34
-27
-28
-29
-28
-16
-7
-12
-4
9
14
22
30
38
43
55
55
60
78
70
66
73
72
79
72
68
75
68
47
62
72
52
50
58
50
58
56
51
56
46
33
38
28
5
-7
-22
-37
-50
-74
-82
-93
-117
-122
-127
-135
-130
-135
-145
-136
-125
-121
-116
-116
-104
-90
-88
-81
-69
-67
-67
-56
-50
-51
-43
-36
-29
-16
-3
9
18
36
64
83
86
94
112
126
131
140
142
132
133
137
147
229
315
170
132
289
242
238
200
130
149
125
55
50
64
-74
-130
-99
-132
-126
-203
-256
-205
-197
-207
-179
-165
-170
-152
-106
-64
-43
-67
-57
-16
-16
-23
-36
-47
-57
-84
-84
-81
-96
-125
-129
-102
-86
-89
-95
-81
-46
-29
-17
-5
10
15
23
48
64
63
60
62
78
87
83
87
98
94
107
178
305
276
178
278
350
358
354
283
267
251
194
147
148
63
-76
-110
-133
-145
-190
-296
-307
-282
-294
-281
-246
-218
-211
-187
-119
-58
-29
-37
-29
3
25
21
-13
-24
-46
-80
-84
-102
-127
-147
-172
-160
-139
-131
-134
-117
-94
-61
-31
-17
3
18
17
39
57
53
44
44
45
44
54
55
49
56
94
267
342
199
252
398
408
451
406
341
347
288
197
208
165
-19
-113
-147
-182
-190
-305
-375
-343
-357
-353
-299
-266
-243
-192
-141
-60
23
1
13
75
79
73
57
35
10
-26
-72
-87
-87
-141
-182
-167
-161
-145
-142
-130
-95
-70
-52
-20
16
36
47
42
54
82
58
52
60
31
31
35
29
43
47
101
262
301
201
311
415
415
476
413
374
383
287
222
215
128
-32
-116
-170
-209
-239
-352
-392
-373
-396
-375
-328
-290
-249
-198
-120
-52
1
27
49
94
94
86
71
50
12
-35
-56
-91
-131
-161
-192
-184
-177
-184
-166
-138
-110
-84
-53
-23
5
19
28
56
66
47
49
57
49
39
33
33
43
62
130
263
307
236
294
410
442
468
413
361
364
283
219
195
104
-36
-141
-195
-217
-252
-353
-403
-379
-383
-363
-314
-276
-230
-189
-104
-18
16
42
58
94
113
94
72
41
10
-48
-73
-84
-132
-172
-200
-194
-173
-175
-165
-133
-106
-85
-51
-12
12
23
21
41
58
50
48
45
38
32
29
40
54
93
189
309
314
265
367
463
468
488
416
375
360
256
204
166
44
-97
-186
-231
-266
-312
-396
-424
-398
-391
-361
-302
-255
-208
-136
-54
9
50
75
92
117
120
95
70
26
-19
-62
-97
-118
-158
-203
-215
-201
-188
-177
-160
-126
-91
-62
-34
-5
19
31
46
49
55
43
26
39
33
12
3
11
49
131
233
309
273
270
428
482
488
491
390
386
345
246
226
137
-7
-136
-207
-232
-277
-345
-427
-432
-411
-400
-344
-292
-250
-202
-116
-19
33
72
90
114
136
125
113
82
28
-22
-71
-90
-120
-175
-209
-220
-210
-196
-179
-153
-118
-93
-63
-19
16
37
39
48
69
60
44
47
40
33
16
10
38
57
145
267
318
258
298
463
463
491
477
370
397
315
216
217
114
-32
-155
-221
-248
-287
-360
-435
-414
-408
-411
-332
-273
-234
-183
-110
-22
41
81
89
116
128
108
102
62
17
-29
-93
-113
-130
-174
-209
-222
-215
-193
-168
-146
-106
-81
-61
-20
15
38
46
41
57
50
35
43
36
21
8
-3
29
116
205
300
299
242
405
490
463
528
435
382
384
253
229
191
34
-104
-208
-249
-287
-341
-417
-456
-434
-445
-403
-309
-263
-219
-149
-84
0
84
84
112
147
108
113
98
48
21
-50
-113
-117
-147
-189
-202
-213
-210
-182
-163
-128
-79
-60
-37
-1
23
51
66
70
64
40
44
47
31
26
13
15
48
135
273
337
269
300
468
469
506
518
405
417
318
207
235
137
-16
-152
-250
-278
-319
-379
-440
-436
-438
-462
-376
-278
-235
-170
-114
-61
43
95
96
159
142
94
100
64
43
6
-90
-129
-140
-185
-203
-204
-212
-202
-186
-159
-96
-53
-44
-17
14
33
54
72
77
53
40
35
29
46
23
8
39
93
220
323
288
288
422
452
465
526
445
422
366
220
226
181
33
-89
-212
-275
-318
-370
-420
-439
-430
-452
-425
-334
-252
-189
-121
-70
-9
78
92
136
175
117
114
76
39
30
-44
-98
-132
-179
-210
-212
-212
-209
-195
-186
-141
-86
-61
-28
-2
13
36
47
69
69
41
37
32
21
23
20
13
37
131
249
321
281
318
456
451
493
517
435
442
329
212
226
143
21
-106
-227
-276
-337
-392
-421
-431
-432
-452
-417
-330
-251
-175
-104
-58
8
72
90
153
175
128
126
74
44
33
-36
-78
-116
-172
-201
-206
-205
-190
-177
-177
-136
-93
-61
-19
4
17
31
38
60
69
48
38
24
16
14
3
20
34
107
241
302
292
329
438
469
492
523
466
453
373
239
227
167
41
-76
-202
-271
-333
-397
-433
-438
-435
-459
-443
-368
-289
-208
-128
-76
-16
47
66
125
174
141
132
91
43
33
-19
-63
-87
-149
-197
-209
-213
-197
-179
-176
-144
-105
-83
-39
-2
19
29
30
53
59
46
44
32
22
16
0
1
14
70
174
274
304
286
376
469
455
522
513
452
438
297
227
220
103
-5
-131
-236
-302
-379
-416
-434
-436
-443
-467
-418
-332
-263
-167
-88
-54
17
56
78
166
163
141
138
63
40
11
-41
-59
-107
-169
-201
-214
-210
-187
-171
-154
-124
-106
-76
-34
1
26
23
30
45
28
31
41
24
18
5
-12
1
9
55
179
303
305
284
401
457
460
542
500
479
448
266
224
213
93
-11
-136
-242
-316
-396
-443
-442
-422
-451
-460
-408
-353
-262
-162
-88
-17
30
47
84
164
170
167
160
80
57
5
-50
-35
-88
-152
-182
-220
-215
-191
-173
-135
-107
-106
-85
-40
-3
32
40
46
58
33
26
35
34
36
2
-9
-1
-17
16
107
267
340
282
366
457
454
533
539
511
526
360
232
234
147
45
-67
-199
-278
-384
-467
-475
-446
-442
-480
-458
-405
-349
-244
-157
-50
27
24
54
113
162
172
182
154
99
49
-40
-38
-42
-110
-145
-194
-221
-214
-215
-173
-114
-98
-103
-78
-42
-4
23
35
61
64
27
21
35
32
22
11
-8
-11
-15
-24
46
211
328
287
333
447
436
495
536
510
562
437
262
252
178
79
-10
-132
-213
-324
-450
-491
-470
-447
-478
-474
-411
-391
-331
-225
-126
7
35
33
113
133
152
180
178
171
109
9
-36
-32
-87
-129
-150
-195
-211
-244
-232
-155
-119
-103
-82
-48
-19
-6
24
64
90
75
46
53
44
25
31
13
3
-10
-51
-42
-16
72
256
309
282
398
438
423
527
527
536
551
384
280
241
135
53
-42
-131
-244
-377
-464
-519
-494
-477
-510
-449
-425
-424
-313
-235
-112
20
23
78
134
123
163
195
196
185
116
17
-17
-53
-113
-119
-146
-185
-217
-251
-225
-174
-131
-97
-64
-28
-26
-6
34
65
99
92
69
69
50
20
27
36
15
5
-23
-41
-18
7
171
340
292
354
467
405
488
540
496
590
495
315
281
177
73
-11
-112
-187
-314
-435
-532
-552
-498
-524
-493
-414
-437
-370
-284
-225
-31
43
52
155
142
142
192
181
206
192
83
12
-26
-109
-135
-142
-172
-180
-223
-246
-211
-172
-130
-83
-26
-5
-4
21
40
81
110
90
96
87
38
16
14
4
4
-11
-42
-33
-47
-56
62
260
322
304
438
453
437
535
491
560
597
397
318
240
106
20
-96
-156
-243
-383
-504
-571
-541
-542
-541
-444
-413
-397
-320
-280
-143
16
34
129
194
148
184
175
176
219
151
72
29
-58
-133
-159
-175
-171
-187
-226
-221
-200
-172
-131
-68
-1
12
19
35
47
87
94
106
125
85
45
15
-16
-10
-16
-41
-31
-40
-75
-63
-26
125
328
302
356
515
435
483
547
505
614
535
359
312
187
55
-57
-138
-191
-317
-426
-535
-587
-547
-582
-538
-410
-418
-367
-285
-260
-95
14
34
181
211
166
205
175
172
197
117
77
38
-67
-134
-167
-184
-184
-199
-203
-193
-178
-164
-133
-55
4
24
64
78
79
97
83
100
128
82
57
41
-13
-31
-45
-62
-37
-43
-60
-49
-42
-17
139
314
322
406
535
456
508
548
487
589
525
363
314
170
22
-81
-178
-243
-329
-425
-533
-580
-568
-598
-537
-421
-407
-335
-257
-248
-110
-11
26
167
217
190
213
182
153
166
111
74
58
-42
-111
-151
-192
-188
-191
-180
-156
-147
-135
-113
-60
-6
29
72
99
101
105
86
87
104
75
55
54
6
-30
-54
-91
-77
-69
-87
-53
-40
-42
-10
31
208
354
328
451
547
470
534
507
476
561
433
317
266
115
-10
-151
-229
-273
-372
-436
-519
-546
-526
-585
-517
-398
-391
-292
-226
-209
-69
-28
4
154
181
183
211
160
159
139
71
68
51
-19
-71
-120
-150
-162
-182
-164
-130
-113
-98
-92
-49
-11
-1
52
87
96
106
73
70
81
44
37
39
13
-7
-44
-70
-68
-79
-74
-48
-31
-9
-1
8
42
164
333
338
404
554
471
485
513
422
500
447
300
280
156
3
-116
-219
-273
-341
-409
-470
-506
-505
-554
-538
-421
-385
-330
-227
-207
-119
-50
-52
75
160
160
214
200
173
174
95
69
84
18
-17
-57
-105
-126
-169
-168
-132
-115
-94
-84
-56
-25
-25
4
45
67
89
75
69
77
34
15
23
-2
-4
-26
-60
-47
-72
-86
-54
-39
-10
12
24
47
56
76
192
343
351
410
520
444
457
451
370
434
382
262
215
108
-27
-153
-235
-293
-346
-387
-459
-481
-473
-531
-513
-420
-377
-294
-224
-193
-95
-61
-50
58
113
159
218
192
197
187
111
92
85
45
22
-17
-60
-87
-131
-155
-141
-119
-99
-88
-60
-45
-45
-24
-5
31
65
61
75
79
47
34
22
11
18
4
-16
-12
-38
-69
-56
-58
-37
-2
0
29
45
48
61
83
224
348
336
428
516
431
460
427
369
435
347
248
217
96
-32
-159
-242
-299
-364
-407
-469
-478
-474
-541
-506
-419
-385
-291
-221
-170
-57
-35
-21
83
127
167
228
222
230
212
127
100
73
20
-7
-43
-73
-106
-153
-172
-169
-152
-134
-113
-62
-41
-31
-4
12
46
71
72
101
109
78
68
48
24
16
-17
-30
-23
-50
-68
-67
-73
-64
-50
-34
-4
24
37
48
77
86
95
176
319
345
366
480
433
411
423
324
356
344
225
188
111
-9
-125
-230
-297
-350
-385
-434
-457
-436
-471
-486
-421
-377
-307
-221
-188
-95
-28
-41
21
70
90
150
158
177
202
143
103
83
36
6
-20
-41
-44
-71
-105
-107
-103
-101
-91
-60
-26
-9
4
9
21
38
30
44
71
62
56
38
7
3
-20
-46
-33
-29
-43
-38
-39
-46
-37
-36
-21
17
37
50
71
83
86
92
99
101
154
286
323
318
430
417
362
389
313
310
330
225
174
129
11
-109
-205
-275
-336
-371
-419
-446
-423
-458
-482
-424
-386
-332
-246
-194
-102
-33
-30
28
79
95
143
167
193
220
172
135
119
64
25
-6
-24
-34
-64
-93
-102
-101
-106
-106
-72
-41
-22
-2
10
29
41
31
46
72
64
61
54
32
22
-12
-39
-31
-42
-59
-53
-58
-57
-54
-63
-42
-9
9
42
69
93
103
110
123
134
147
142
139
189
275
281
279
354
331
304
296
231
236
210
124
80
35
-52
-155
-221
-280
-331
-359
-406
-406
-383
-414
-406
-358
-331
-272
-216
-171
-77
-37
-24
37
63
86
111
121
151
172
145
105
106
65
10
-6
-34
-39
-57
-82
-86
-75
-86
-98
-60
-45
-29
-1
-2
30
40
18
39
49
42
46
41
33
28
3
-25
-19
-27
-43
-32
-31
-21
-10
-13
-4
16
26
26
51
71
79
102
105
110
121
112
109
110
101
105
172
237
226
274
319
272
283
250
203
220
167
99
73
13
-80
-156
-217
-287
-315
-352
-391
-369
-370
-389
-356
-327
-298
-230
-191
-139
-51
-27
4
55
66
90
103
106
127
131
114
105
93
61
31
5
-16
-30
-41
-60
-60
-57
-72
-67
-55
-51
-29
-22
-14
16
18
19
40
42
45
52
48
51
50
35
26
23
5
-8
-13
-17
-15
-15
-14
-6
5
4
10
33
34
44
58
60
77
80
78
89
93
91
87
91
80
72
80
127
186
181
219
265
224
224
193
145
150
109
54
29
-8
-82
-150
-198
-262
-288
-314
-344
-320
-313
-323
-298
-271
-250
-201
-166
-127
-55
-29
-6
36
44
55
59
62
75
81
78
68
64
43
17
-1
-18
-28
-31
-41
-35
-28
-34
-30
-22
-19
-6
4
12
33
37
34
42
37
35
34
27
26
28
15
7
9
0
-6
-5
-3
3
9
8
13
28
24
27
38
40
47
55
52
64
69
54
59
54
42
48
38
43
52
44
40
43
53
95
137
145
193
227
208
208
189
156
139
105
60
33
-2
-72
-123
-172
-235
-269
-304
-325
-317
-314
-310
-289
-262
-239
-204
-168
-127
-72
-37
-2
35
56
69
74
80
82
86
76
74
80
48
32
23
-10
-15
-32
-43
-33
-30
-33
-22
-7
-11
1
10
12
35
36
38
55
49
38
36
31
19
22
13
3
17
3
-4
7
2
0
8
14
20
32
34
37
53
44
46
50
43
43
40
38
38
36
31
32
34
30
32
32
34
34
35
32
63
122
146
166
224
223
214
207
167
146
126
73
36
14
-35
-96
-139
-197
-242
-275
-315
-319
-307
-307
-292
-263
-239
-212
-178
-150
-105
-57
-31
10
44
59
71
77
74
72
70
60
62
61
48
34
21
10
-11
-23
-29
-28
-21
-21
-11
0
5
4
6
11
14
17
20
26
33
28
25
20
14
9
0
4
4
6
10
16
26
29
33
35
37
45
41
46
50
49
46
42
37
31
29
23
22
27
26
25
28
29
30
31
36
44
44
52
52
52
51
70
109
120
139
170
168
162
144
113
87
61
21
-13
-31
-66
-109
-142
-183
-215
-244
-268
-275
-265
-255
-240
-210
-185
-159
-132
-107
-74
-42
-16
9
36
52
58
63
60
55
49
41
38
31
26
21
10
3
-7
-17
-20
-24
-21
-18
-10
-3
5
9
12
14
16
15
16
18
21
22
25
22
19
16
10
7
6
8
13
18
29
37
43
49
48
49
46
40
40
41
43
44
46
43
36
31
20
14
11
15
17
22
31
33
39
36
39
37
32
32
29
28
26
41
76
93
104
133
139
128
119
95
69
56
20
-12
-24
-53
-89
-116
-147
-179
-203
-226
-241
-230
-224
-216
-189
-165
-145
-121
-102
-81
-53
-29
-12
16
37
45
54
55
50
47
40
32
29
31
20
16
12
0
-10
-18
-26
-27
-24
-21
-12
-1
2
6
10
11
11
13
14
19
26
28
29
31
27
22
19
15
15
18
24
33
42
48
48
48
47
43
38
42
45
49
50
51
51
44
30
21
13
3
-3
1
7
11
13
16
17
17
16
16
18
21
23
22
26
19
18
47
65
59
93
113
100
108
95
68
61
33
-4
-14
-29
-63
-83
-100
-133
-154
-174
-200
-199
-193
-198
-176
-150
-134
-107
-82
-66
-44
-23
-13
6
28
33
44
54
49
46
43
30
23
21
8
1
5
-7
-12
-10
-17
-17
-11
-12
-7
7
9
14
24
25
25
30
27
24
30
27
23
27
19
16
16
13
12
19
24
27
34
41
41
48
49
44
43
42
36
34
34
30
26
24
17
10
6
-5
-13
-11
-15
-12
-5
2
6
14
15
13
17
18
13
15
21
15
13
20
46
65
65
97
111
105
109
90
71
62
31
3
-10
-27
-52
-77
-92
-125
-145
-167
-193
-192
-193
-191
-175
-152
-132
-114
-91
-75
-58
-38
-32
-14
6
11
23
30
32
32
30
26
19
16
9
1
5
1
-2
2
1
4
7
8
12
17
22
23
29
33
32
36
35
34
37
34
31
28
26
20
12
11
6
4
7
6
15
23
27
36
44
46
47
45
44
39
38
34
32
34
29
21
17
12
5
-3
-6
-9
-7
-4
-1
8
18
18
21
22
20
15
13
12
9
7
2
-2
-3
-11
-12
2
22
32
62
90
91
99
91
65
46
18
-15
-35
-48
-67
-80
-83
-101
-118
-129
-152
-162
-161
-161
-148
-122
-99
-75
-47
-26
-16
-2
0
0
7
8
10
20
26
27
31
29
19
12
6
-7
-9
-6
-7
1
11
13
21
26
24
24
26
23
22
26
27
29
34
30
26
24
17
7
5
3
1
8
15
13
21
21
16
21
24
23
29
33
33
37
42
36
34
34
25
22
22
15
10
9
6
3
2
-2
-4
-2
-3
-5
-1
-2
-3
-3
-2
-3
-4
-8
-12
-14
-15
-19
-15
-12
-13
-11
-7
-3
7
20
29
41
54
55
53
52
42
29
19
2
-11
-20
-33
-46
-52
-63
-77
-84
-91
-98
-96
-95
-90
-79
-68
-59
-45
-34
-26
-19
-12
-11
-6
0
3
11
14
12
15
12
2
-3
-8
-12
-13
-10
-7
1
11
14
20
26
25
27
28
26
28
32
33
35
38
35
31
30
24
16
15
12
11
15
18
20
26
27
27
29
31
29
31
31
28
31
29
24
21
15
8
2
0
-3
-2
1
0
3
5
1
0
-1
-3
-3
-1
0
-1
3
6
3
4
5
2
1
-1
-6
-12
-11
-10
-3
9
17
26
38
38
34
30
21
8
-1
-12
-22
-26
-31
-40
-44
-51
-64
-71
-77
-83
-85
-82
-78
-69
-59
-52
-44
-38
-35
-31
-26
-25
-22
-16
-12
-4
2
4
5
6
2
-2
-3
-5
-4
2
7
13
22
25
26
28
26
21
19
17
15
18
22
23
26
25
20
18
16
11
12
15
18
26
35
39
44
42
34
33
28
19
19
21
21
23
24
22
19
16
6
3
3
0
1
4
6
10
14
13
12
13
10
6
6
0
-4
-3
-3
-4
-4
-7
-8
-8
-9
-9
-6
-6
-6
-2
-2
-2
0
4
9
15
21
22
26
26
19
14
7
-5
-13
-19
-26
-31
-33
-37
-41
-41
-46
-50
-51
-54
-53
-50
-46
-40
-31
-23
-18
-8
-3
-5
-3
-4
-11
-14
-17
-21
-22
-20
-21
-19
-15
-14
-12
-7
-5
-2
5
9
12
20
22
24
28
27
23
23
19
12
10
8
4
4
8
10
16
22
22
25
26
21
23
26
23
24
25
24
21
15
9
3
0
-2
-2
1
3
6
11
16
18
20
24
25
25
26
23
20
18
11
3
-1
-8
-15
-14
-14
-16
-11
-8
-7
-1
5
12
19
23
30
30
30
25
20
11
-2
-10
-21
-31
-36
-42
-45
-47
-49
-51
-51
-51
-54
-51
-46
-44
-38
-32
-25
-20
-18
-15
-14
-11
-12
-12
-12
-12
-12
-12
-12
-13
-14
-11
-8
-5
0
7
12
16
20
22
24
25
23
22
23
23
22
23
22
21
18
16
14
11
8
8
12
13
15
23
26
26
30
29
27
25
24
23
22
21
19
19
17
13
9
6
3
1
1
6
8
10
12
12
10
8
5
3
1
-1
-1
-1
-4
-4
-5
-7
-6
-5
-6
-4
-3
-1
1
1
1
-1
-4
-5
-7
-6
-7
-5
-2
-4
-4
-4
-7
-10
-12
-15
-21
-23
-24
-26
-26
-27
-31
-32
-34
-38
-41
-40
-41
-42
-39
-37
-35
-32
-30
-28
-26
-25
-23
-18
-15
-12
-7
-2
-1
0
2
4
6
9
14
18
22
25
27
29
29
28
28
27
26
27
28
28
29
27
25
23
20
16
13
10
8
9
14
13
10
14
12
13
11
12
16
17
16
15
16
14
14
15
16
17
20
22
24
26
27
25
23
21
18
17
16
13
10
8
4
-2
-8
-10
-14
-18
-20
-21
-21
-23
-24
-23
-24
-25
-24
-21
-19
-17
-13
-12
-9
-9
-12
-15
-19
-23
-24
-22
-21
-20
-17
-18
-20
-19
-22
-24
-24
-27
-29
-28
-27
-29
-29
-28
-29
-32
-32
-33
-32
-30
-28
-24
-21
-19
-14
-10
-7
0
7
12
18
23
26
29
33
34
36
39
39
40
43
41
42
42
40
41
41
40
39
39
36
33
32
28
24
25
23
21
23
20
18
19
15
11
12
9
6
9
9
8
8
7
4
3
0
-2
-3
-7
-11
-11
-12
-14
-15
-14
-16
-17
-17
-18
-20
-19
-23
-23
-24
-25
-24
-25
-26
-26
-24
-25
-26
-23
-22
-19
-15
-14
-11
-10
-9
-8
-6
-6
-3
-2
-4
-3
-4
-9
-10
-9
-13
-12
-10
-10
-11
-12
-15
-16
-18
-19
-19
-16
-16
-13
-10
-11
-11
-9
-10
-8
-3
0
4
10
11
15
20
21
23
27
28
29
31
31
28
28
28
26
27
28
30
32
33
33
33
29
26
25
22
19
19
18
16
16
13
10
7
4
1
1
0
-1
0
0
-2
0
0
-1
2
5
4
5
6
2
-2
-7
-14
-18
-17
-19
-17
-14
-13
-16
-19
-22
-26
-27
-28
-27
-25
-22
-19
-17
-19
-20
-19
-20
-21
-17
-14
-14
-14
-14
-18
-16
-14
-13
-7
-1
3
7
6
1
-3
-6
-9
-8
-5
-1
4
6
3
2
-2
-6
-8
-7
-5
-1
3
4
3
1
-1
-2
-2
-1
5
7
7
11
11
9
8
8
9
10
13
15
15
13
11
11
9
8
10
11
10
11
13
13
12
12
14
15
14
15
17
14
13
13
11
9
11
12
12
13
11
11
13
12
12
14
11
9
8
5
5
5
2
1
2
-3
-8
-8
-13
-17
-15
-15
-16
-12
-9
-10
-13
-18
-22
-23
-28
-28
-24
-23
-21
-19
-16
-15
-13
-12
-13
-14
-14
-12
-10
-10
-8
-4
-2
-1
0
1
0
-1
-2
-1
-1
1
4
7
5
5
4
1
0
2
1
1
2
2
2
2
2
3
2
1
2
4
1
2
3
0
0
2
3
6
8
8
8
7
7
8
7
8
9
7
7
8
6
7
8
7
6
6
4
3
5
4
6
8
8
8
7
5
4
5
3
4
5
3
4
4
1
0
0
-1
-1
-1
-2
0
0
-2
-1
-2
-4
-3
-3
-4
-3
-4
-6
-6
-6
-4
-1
0
0
-1
-5
-8
-8
-8
-6
-2
1
3
3
3
1
-1
-1
-2
-3
-2
-3
-2
-1
1
1
2
4
2
0
0
-5
-6
-5
-6
-5
-1
-1
-1
1
-2
-3
-3
-5
-5
-2
-1
-1
-1
-3
-5
-5
-6
-5
-3
-3
-4
-2
-2
-2
-1
-1
-1
0
-2
-3
-2
-2
-2
-1
-2
-2
-1
-2
-2
-2
-3
-1
0
0
1
4
4
4
4
5
5
6
5
5
6
5
6
7
6
6
6
4
3
6
7
6
8
8
8
9
10
10
8
5
2
1
0
2
4
5
5
4
2
1
0
-2
-1
-2
-3
-3
-2
-1
-1
-1
-3
-4
-4
-5
-4
-3
-3
-2
-2
-2
-3
-1
0
0
1
4
4
4
4
5
5
6
5
5
6
5
6
7
6
6
6
4
3
6
7
6
8
8
8
9
10
10
8
5
2
1
0
2
